sqrt(1) = 1.000000
sqrt(2) = 1.414216
sqrt(3) = 1.732051
sqrt(4) = 2.000000
sqrt(5) = 2.236069
sqrt(6) = 2.449494
sqrt(7) = 2.645767
sqrt(8) = 2.828427
sqrt(9) = 3.000000
sqrt(10) = 3.162278
sqrt(11) = 3.316625
sqrt(12) = 3.464102
sqrt(13) = 3.605551
sqrt(14) = 3.741658
sqrt(15) = 3.872984
sqrt(16) = 4.000000
sqrt(17) = 4.123107
sqrt(18) = 4.242642
sqrt(19) = 4.358902
sqrt(20) = 4.472140
sqrt(21) = 4.582582
sqrt(22) = 4.690425
sqrt(23) = 4.795832
sqrt(24) = 4.898979
sqrt(25) = 5.000000
sqrt(26) = 5.099020
sqrt(27) = 5.196153
sqrt(28) = 5.291503
sqrt(29) = 5.385165
sqrt(30) = 5.477225
sqrt(31) = 5.567764
sqrt(32) = 5.656854
sqrt(33) = 5.744563
sqrt(34) = 5.830952
sqrt(35) = 5.916080
sqrt(36) = 6.000000
sqrt(37) = 6.082763
sqrt(38) = 6.164414
sqrt(39) = 6.244998
sqrt(40) = 6.324555
sqrt(41) = 6.403124
sqrt(42) = 6.480741
sqrt(43) = 6.557439
sqrt(44) = 6.633249
sqrt(45) = 6.708204
sqrt(46) = 6.782330
sqrt(47) = 6.855655
sqrt(48) = 6.928204
sqrt(49) = 7.000000
sqrt(50) = 7.071068
sqrt(51) = 7.141429
sqrt(52) = 7.211102
sqrt(53) = 7.280110
sqrt(54) = 7.348470
sqrt(55) = 7.416199
sqrt(56) = 7.483315
sqrt(57) = 7.549835
sqrt(58) = 7.615774
sqrt(59) = 7.681147
sqrt(60) = 7.745968
sqrt(61) = 7.810251
sqrt(62) = 7.874009
sqrt(63) = 7.937255
sqrt(64) = 8.000002
sqrt(65) = 8.062260
sqrt(66) = 8.124041
sqrt(67) = 8.185355
sqrt(68) = 8.246214
sqrt(69) = 8.306627
sqrt(70) = 8.366604
sqrt(71) = 8.426153
sqrt(72) = 8.485286
sqrt(73) = 8.544008
sqrt(74) = 8.602331
sqrt(75) = 8.660254
sqrt(76) = 8.717798
sqrt(77) = 8.774964
sqrt(78) = 8.831760
sqrt(79) = 8.888195
sqrt(80) = 8.944272
sqrt(81) = 9.000000
sqrt(82) = 9.055386
sqrt(83) = 9.110434
sqrt(84) = 9.165152
sqrt(85) = 9.219544
sqrt(86) = 9.273619
sqrt(87) = 9.327379
sqrt(88) = 9.380832
sqrt(89) = 9.433981
sqrt(90) = 9.486834
sqrt(91) = 9.539392
sqrt(92) = 9.591663
sqrt(93) = 9.643650
sqrt(94) = 9.695360
sqrt(95) = 9.746794
sqrt(96) = 9.797958
sqrt(97) = 9.848858
sqrt(98) = 9.899495
sqrt(99) = 9.949875
sqrt(100) = 10.000000

                0.05 seconds total execution time.